{
 "cells": [
  {
   "cell_type": "code",
   "execution_count": 1,
   "metadata": {},
   "outputs": [],
   "source": [
    "import numpy as np\n",
    "import pandas as pd\n",
    "import matplotlib.pyplot as plt\n",
    "import plotly as pl\n",
    "from scipy.stats import multivariate_normal, norm\n",
    "import random\n",
    "import math\n",
    "from sklearn.datasets import load_wine"
   ]
  },
  {
   "cell_type": "markdown",
   "metadata": {},
   "source": [
    "### Gaussian Mixture Models Class ###"
   ]
  },
  {
   "cell_type": "code",
   "execution_count": 2,
   "metadata": {},
   "outputs": [],
   "source": [
    "class GMM():\n",
    "    def __init__(self, data, k, iter):\n",
    "        self.k = k\n",
    "        self.iter = iter\n",
    "        self.cont = 1\n",
    "        self.likelihood = 0\n",
    "        return\n",
    "\n",
    "    def normal_multi(self, mean, cov, data):\n",
    "        det = np.linalg.det(cov)\n",
    "        det = np.abs(det) ** (1 / 2)\n",
    "        constant = 1 / ((2 * np.pi) ** (data.shape[1] / 2) * det)\n",
    "        data_mean_diff = data - mean\n",
    "        exponent = -0.5 * np.sum(data_mean_diff @ np.linalg.inv(cov) * data_mean_diff, axis=1)\n",
    "        return np.exp(exponent) * constant\n",
    "    \n",
    "    def expectation(self, data):\n",
    "        responsibilities = np.zeros((len(data), self.k))\n",
    "\n",
    "        for j in range(self.k):\n",
    "            responsibilities[:, j] = self.normal_multi(self.means[j, :], self.covariances[j], data)\n",
    "\n",
    "        sum_prob = np.sum(responsibilities, axis=1, keepdims=True)\n",
    "        responsibilities /= sum_prob\n",
    "\n",
    "        self.responsibilities = responsibilities\n",
    "        return\n",
    "\n",
    "    def maximization(self, data, responsibilities):\n",
    "        means = self.means\n",
    "        covariances = self.covariances\n",
    "        k = self.k\n",
    "        prior_prob = self.prior_prob\n",
    "        Nk = np.sum(responsibilities, axis=0)\n",
    "        sum_loop = np.dot(responsibilities.T, data)\n",
    "        means = sum_loop / Nk[:, np.newaxis]\n",
    "\n",
    "        data_minus_means = data[:, np.newaxis, :] - means\n",
    "        covariances = np.sum((responsibilities[:, :, np.newaxis, np.newaxis] * data_minus_means[:, :, :, np.newaxis]) @ data_minus_means[:, :, np.newaxis, :], axis=0) / Nk[:, np.newaxis, np.newaxis]\n",
    "        for j in range(k):\n",
    "            covariances[j] += 1e-8 * np.eye(data.shape[1])\n",
    "            \n",
    "        prior_prob = Nk / len(data)\n",
    "        return covariances, means, prior_prob\n",
    "\n",
    "\n",
    "    def preprocess(self, data):\n",
    "        n = data.shape[0]\n",
    "        visited = np.zeros(n)\n",
    "        clusters_num = 0\n",
    "\n",
    "        prior_prob = np.zeros(self.k)\n",
    "        # np.random.seed(60)\n",
    "        means = np.random.rand(self.k, data.shape[1])\n",
    "        covariances = []\n",
    "        for i in range(self.k):\n",
    "            covariance = np.cov(np.transpose(data))\n",
    "            covariances.append(covariance)\n",
    "\n",
    "        while clusters_num < self.k:\n",
    "            index = np.random.randint(n)\n",
    "            if (visited[index]):\n",
    "                continue\n",
    "            prob = np.random.random()\n",
    "            prior_prob[clusters_num] = prob\n",
    "            clusters_num += 1\n",
    "        sum = np.sum(prior_prob)\n",
    "        prior_prob = prior_prob / sum\n",
    "\n",
    "        self.prior_prob = prior_prob\n",
    "        self.means = means\n",
    "        self.covariances = covariances\n",
    "        return\n",
    "\n",
    "\n",
    "    def fit(self, data):\n",
    "        self.preprocess(data)\n",
    "        # for i in range(self.iter):\n",
    "            # self.expectation(data)\n",
    "            # self.covariances, self.means, self.prior_prob = self.maximization(data, self.responsibilities)\n",
    "\n",
    "        while not self.log_likelihood(data):\n",
    "            self.expectation(data)\n",
    "            self.covariances, self.means, self.prior_prob = self.maximization(data, self.responsibilities)\n",
    "        return\n",
    "    \n",
    "    def get_parameters(self):\n",
    "        return self.means, self.covariances, self.prior_prob\n",
    "\n",
    "    def log_likelihood(self, data):\n",
    "\n",
    "        weighted_normals = np.zeros((len(data), self.k))\n",
    "        for j in range(self.k):\n",
    "            weighted_normals[:, j] = self.prior_prob[j] * self.normal_multi(self.means[j, :], self.covariances[j], data)\n",
    "\n",
    "        sum_weighted_normals = np.sum(weighted_normals, axis=1)\n",
    "        log_like = np.sum(np.log(sum_weighted_normals))\n",
    "\n",
    "        if abs(self.likelihood - log_like) < 1e-5:\n",
    "            self.likelihood = log_like\n",
    "            return True\n",
    "\n",
    "        self.likelihood = log_like\n",
    "        return False\n",
    "    \n",
    "\n",
    "    def predict(self):\n",
    "        return np.argmax(self.responsibilities, axis = 1)"
   ]
  },
  {
   "cell_type": "markdown",
   "metadata": {},
   "source": [
    "### Customer Dataset GMM ###"
   ]
  },
  {
   "cell_type": "code",
   "execution_count": 4,
   "metadata": {},
   "outputs": [
    {
     "data": {
      "text/html": [
       "<div>\n",
       "<style scoped>\n",
       "    .dataframe tbody tr th:only-of-type {\n",
       "        vertical-align: middle;\n",
       "    }\n",
       "\n",
       "    .dataframe tbody tr th {\n",
       "        vertical-align: top;\n",
       "    }\n",
       "\n",
       "    .dataframe thead th {\n",
       "        text-align: right;\n",
       "    }\n",
       "</style>\n",
       "<table border=\"1\" class=\"dataframe\">\n",
       "  <thead>\n",
       "    <tr style=\"text-align: right;\">\n",
       "      <th></th>\n",
       "      <th>Gender</th>\n",
       "      <th>Marital status</th>\n",
       "      <th>Age</th>\n",
       "      <th>Education</th>\n",
       "      <th>Income</th>\n",
       "      <th>Occupation</th>\n",
       "      <th>Settlement size</th>\n",
       "    </tr>\n",
       "  </thead>\n",
       "  <tbody>\n",
       "    <tr>\n",
       "      <th>0</th>\n",
       "      <td>0</td>\n",
       "      <td>0</td>\n",
       "      <td>67</td>\n",
       "      <td>2</td>\n",
       "      <td>124670</td>\n",
       "      <td>1</td>\n",
       "      <td>2</td>\n",
       "    </tr>\n",
       "    <tr>\n",
       "      <th>1</th>\n",
       "      <td>1</td>\n",
       "      <td>1</td>\n",
       "      <td>22</td>\n",
       "      <td>1</td>\n",
       "      <td>150773</td>\n",
       "      <td>1</td>\n",
       "      <td>2</td>\n",
       "    </tr>\n",
       "    <tr>\n",
       "      <th>2</th>\n",
       "      <td>0</td>\n",
       "      <td>0</td>\n",
       "      <td>49</td>\n",
       "      <td>1</td>\n",
       "      <td>89210</td>\n",
       "      <td>0</td>\n",
       "      <td>0</td>\n",
       "    </tr>\n",
       "    <tr>\n",
       "      <th>3</th>\n",
       "      <td>0</td>\n",
       "      <td>0</td>\n",
       "      <td>45</td>\n",
       "      <td>1</td>\n",
       "      <td>171565</td>\n",
       "      <td>1</td>\n",
       "      <td>1</td>\n",
       "    </tr>\n",
       "    <tr>\n",
       "      <th>4</th>\n",
       "      <td>0</td>\n",
       "      <td>0</td>\n",
       "      <td>53</td>\n",
       "      <td>1</td>\n",
       "      <td>149031</td>\n",
       "      <td>1</td>\n",
       "      <td>1</td>\n",
       "    </tr>\n",
       "    <tr>\n",
       "      <th>...</th>\n",
       "      <td>...</td>\n",
       "      <td>...</td>\n",
       "      <td>...</td>\n",
       "      <td>...</td>\n",
       "      <td>...</td>\n",
       "      <td>...</td>\n",
       "      <td>...</td>\n",
       "    </tr>\n",
       "    <tr>\n",
       "      <th>1995</th>\n",
       "      <td>1</td>\n",
       "      <td>0</td>\n",
       "      <td>47</td>\n",
       "      <td>1</td>\n",
       "      <td>123525</td>\n",
       "      <td>0</td>\n",
       "      <td>0</td>\n",
       "    </tr>\n",
       "    <tr>\n",
       "      <th>1996</th>\n",
       "      <td>1</td>\n",
       "      <td>1</td>\n",
       "      <td>27</td>\n",
       "      <td>1</td>\n",
       "      <td>117744</td>\n",
       "      <td>1</td>\n",
       "      <td>0</td>\n",
       "    </tr>\n",
       "    <tr>\n",
       "      <th>1997</th>\n",
       "      <td>0</td>\n",
       "      <td>0</td>\n",
       "      <td>31</td>\n",
       "      <td>0</td>\n",
       "      <td>86400</td>\n",
       "      <td>0</td>\n",
       "      <td>0</td>\n",
       "    </tr>\n",
       "    <tr>\n",
       "      <th>1998</th>\n",
       "      <td>1</td>\n",
       "      <td>1</td>\n",
       "      <td>24</td>\n",
       "      <td>1</td>\n",
       "      <td>97968</td>\n",
       "      <td>0</td>\n",
       "      <td>0</td>\n",
       "    </tr>\n",
       "    <tr>\n",
       "      <th>1999</th>\n",
       "      <td>0</td>\n",
       "      <td>0</td>\n",
       "      <td>25</td>\n",
       "      <td>0</td>\n",
       "      <td>68416</td>\n",
       "      <td>0</td>\n",
       "      <td>0</td>\n",
       "    </tr>\n",
       "  </tbody>\n",
       "</table>\n",
       "<p>2000 rows × 7 columns</p>\n",
       "</div>"
      ],
      "text/plain": [
       "      Gender  Marital status  Age  Education  Income  Occupation  \\\n",
       "0          0               0   67          2  124670           1   \n",
       "1          1               1   22          1  150773           1   \n",
       "2          0               0   49          1   89210           0   \n",
       "3          0               0   45          1  171565           1   \n",
       "4          0               0   53          1  149031           1   \n",
       "...      ...             ...  ...        ...     ...         ...   \n",
       "1995       1               0   47          1  123525           0   \n",
       "1996       1               1   27          1  117744           1   \n",
       "1997       0               0   31          0   86400           0   \n",
       "1998       1               1   24          1   97968           0   \n",
       "1999       0               0   25          0   68416           0   \n",
       "\n",
       "      Settlement size  \n",
       "0                   2  \n",
       "1                   2  \n",
       "2                   0  \n",
       "3                   1  \n",
       "4                   1  \n",
       "...               ...  \n",
       "1995                0  \n",
       "1996                0  \n",
       "1997                0  \n",
       "1998                0  \n",
       "1999                0  \n",
       "\n",
       "[2000 rows x 7 columns]"
      ]
     },
     "execution_count": 4,
     "metadata": {},
     "output_type": "execute_result"
    }
   ],
   "source": [
    "path = './SMAI-Dataset-customer-dataset/data.csv'\n",
    "file = pd.read_csv(path)\n",
    "file = file.drop(columns='Index')\n",
    "file = file.dropna().fillna(0)\n",
    "file"
   ]
  },
  {
   "cell_type": "code",
   "execution_count": 5,
   "metadata": {},
   "outputs": [
    {
     "name": "stdout",
     "output_type": "stream",
     "text": [
      "[[4.57000000e-01 4.96500000e-01 3.59090000e+01 1.03800000e+00\n",
      "  1.20954419e+05 8.10500000e-01 7.39000000e-01]]\n",
      "[[[ 2.48151010e-01  1.41099500e-01 -1.06741300e+00  7.31340000e-02\n",
      "   -3.70369798e+03 -6.43985000e-02 -1.21723000e-01]\n",
      "  [ 1.41099500e-01  2.49987760e-01 -1.24881850e+00  1.12133000e-01\n",
      "   -1.40064303e+03 -9.41325000e-03 -3.94135000e-02]\n",
      "  [-1.06741300e+00 -1.24881850e+00  1.37275719e+02  4.59895800e+00\n",
      "    1.52044747e+05  8.10755500e-01  1.13974900e+00]\n",
      "  [ 7.31340000e-02  1.12133000e-01  4.59895800e+00  3.59556010e-01\n",
      "    5.33347408e+03  2.47010000e-02  1.69180000e-02]\n",
      "  [-3.70369798e+03 -1.40064303e+03  1.52044747e+05  5.33347408e+03\n",
      "    1.45155638e+09  1.65487689e+04  1.51923609e+04]\n",
      "  [-6.43985000e-02 -9.41325000e-03  8.10755500e-01  2.47010000e-02\n",
      "    1.65487689e+04  4.07589760e-01  2.96540500e-01]\n",
      "  [-1.21723000e-01 -3.94135000e-02  1.13974900e+00  1.69180000e-02\n",
      "    1.51923609e+04  2.96540500e-01  6.59879010e-01]]]\n",
      "[1.]\n"
     ]
    }
   ],
   "source": [
    "data = np.array([file])\n",
    "data = np.reshape(data, (data.shape[1], data.shape[2]))\n",
    "\n",
    "gmm = GMM(data, 1, 7)\n",
    "if (gmm.cont == 0):\n",
    "    exit(0)\n",
    "gmm.fit(data)\n",
    "means, covariances, prior_prob = gmm.get_parameters()\n",
    "print(means)\n",
    "print(covariances)\n",
    "print(prior_prob)"
   ]
  },
  {
   "cell_type": "code",
   "execution_count": 6,
   "metadata": {},
   "outputs": [
    {
     "name": "stdout",
     "output_type": "stream",
     "text": [
      "[[0.00000000e+00 2.36648250e-01 3.78747698e+01 9.03314917e-01\n",
      "  1.27775226e+05 9.29097606e-01 9.63167587e-01]\n",
      " [1.00000000e+00 1.00000000e+00 3.31929348e+01 1.26222826e+00\n",
      "  1.16442166e+05 7.41847826e-01 5.69293478e-01]\n",
      " [1.00000000e+00 0.00000000e+00 3.51460674e+01 9.32584270e-01\n",
      "  9.79972416e+04 3.70786517e-01 7.30337079e-02]]\n",
      "[[[ 1.00000000e-08  0.00000000e+00  0.00000000e+00  0.00000000e+00\n",
      "    0.00000000e+00  0.00000000e+00  0.00000000e+00]\n",
      "  [ 0.00000000e+00  1.80645866e-01 -9.24323976e-01  8.64162673e-02\n",
      "   -1.13555707e+03  1.12515220e-03 -1.06206906e-02]\n",
      "  [ 0.00000000e+00 -9.24323976e-01  1.33256877e+02  5.07076504e+00\n",
      "    1.44366032e+05  7.24085888e-01  8.04779735e-01]\n",
      "  [ 0.00000000e+00  8.64162673e-02  5.07076504e+00  3.76471526e-01\n",
      "    5.84662678e+03  4.37893634e-02  3.51128883e-02]\n",
      "  [ 0.00000000e+00 -1.13555707e+03  1.44366032e+05  5.84662678e+03\n",
      "    1.58428012e+09  1.70250666e+04  1.47383831e+04]\n",
      "  [ 0.00000000e+00  1.12515220e-03  7.24085888e-01  4.37893634e-02\n",
      "    1.70250666e+04  4.23149656e-01  2.88364553e-01]\n",
      "  [ 0.00000000e+00 -1.06206906e-02  8.04779735e-01  3.51128883e-02\n",
      "    1.47383831e+04  2.88364553e-01  6.87409498e-01]]\n",
      "\n",
      " [[ 1.00000000e-08  0.00000000e+00  0.00000000e+00  0.00000000e+00\n",
      "    0.00000000e+00  0.00000000e+00  0.00000000e+00]\n",
      "  [ 0.00000000e+00  1.00000000e-08  0.00000000e+00  0.00000000e+00\n",
      "    0.00000000e+00  0.00000000e+00  0.00000000e+00]\n",
      "  [ 0.00000000e+00  0.00000000e+00  1.40297015e+02  5.15185270e+00\n",
      "    1.52195586e+05  6.69371751e-01  6.99946095e-01]\n",
      "  [ 0.00000000e+00  0.00000000e+00  5.15185270e+00  2.66834175e-01\n",
      "    6.64177175e+03  3.23687086e-02  5.72369004e-02]\n",
      "  [ 0.00000000e+00  0.00000000e+00  1.52195586e+05  6.64177175e+03\n",
      "    1.27703788e+09  1.42938145e+04  1.23580130e+04]\n",
      "  [ 0.00000000e+00  0.00000000e+00  6.69371751e-01  3.23687086e-02\n",
      "    1.42938145e+04  3.49118335e-01  2.44790436e-01]\n",
      "  [ 0.00000000e+00  0.00000000e+00  6.99946095e-01  5.72369004e-02\n",
      "    1.23580130e+04  2.44790436e-01  5.52263641e-01]]\n",
      "\n",
      " [[ 1.00000000e-08  0.00000000e+00  0.00000000e+00  0.00000000e+00\n",
      "    0.00000000e+00  0.00000000e+00  0.00000000e+00]\n",
      "  [ 0.00000000e+00  1.00000000e-08  0.00000000e+00  0.00000000e+00\n",
      "    0.00000000e+00  0.00000000e+00  0.00000000e+00]\n",
      "  [ 0.00000000e+00  0.00000000e+00  9.46415857e+01  3.48737533e+00\n",
      "    4.82756389e+04 -6.04721626e-01 -1.00555485e-01]\n",
      "  [ 0.00000000e+00  0.00000000e+00  3.48737533e+00  3.10061871e-01\n",
      "    4.16140954e+03 -8.71102134e-03  1.05415983e-02]\n",
      "  [ 0.00000000e+00  0.00000000e+00  4.82756389e+04  4.16140954e+03\n",
      "    4.68333048e+08  6.65583178e+03  1.89805539e+03]\n",
      "  [ 0.00000000e+00  0.00000000e+00 -6.04721626e-01 -8.71102134e-03\n",
      "    6.65583178e+03  2.55775796e-01  5.71897488e-02]\n",
      "  [ 0.00000000e+00  0.00000000e+00 -1.00555485e-01  1.05415983e-02\n",
      "    1.89805539e+03  5.71897488e-02  6.76997954e-02]]]\n",
      "[0.543 0.368 0.089]\n"
     ]
    }
   ],
   "source": [
    "data = np.array([file])\n",
    "data = np.reshape(data, (data.shape[1], data.shape[2]))\n",
    "gmm = GMM(data, 3, 7)\n",
    "if (gmm.cont == 0):\n",
    "    exit(0)\n",
    "gmm.fit(data)\n",
    "means, covariances, prior_prob = gmm.get_parameters()\n",
    "print(means)\n",
    "print(covariances)\n",
    "print(prior_prob)"
   ]
  },
  {
   "cell_type": "code",
   "execution_count": 7,
   "metadata": {},
   "outputs": [
    {
     "name": "stdout",
     "output_type": "stream",
     "text": [
      "[[1.00000000e+00 1.00000000e+00 3.83234014e+01 1.46132721e+00\n",
      "  1.19480223e+05 5.42049887e-01 4.59106064e-01]\n",
      " [6.33908474e-01 1.00000000e+00 2.79430227e+01 1.00000000e+00\n",
      "  1.12962051e+05 9.39313452e-01 7.39451334e-01]\n",
      " [0.00000000e+00 0.00000000e+00 3.90856454e+01 7.90108565e-01\n",
      "  1.29262819e+05 9.27623643e-01 9.77080820e-01]\n",
      " [8.82349303e-02 1.00000000e+00 4.76470629e+01 2.19117581e+00\n",
      "  1.50870206e+05 1.07352906e+00 1.19117602e+00]\n",
      " [1.00000000e+00 0.00000000e+00 3.51460674e+01 9.32584270e-01\n",
      "  9.79972416e+04 3.70786517e-01 7.30337079e-02]]\n",
      "[[[ 1.00000000e-08  4.93038066e-32  3.68848915e-30  9.03524018e-32\n",
      "    9.81467454e-27  8.35037149e-32  2.73633317e-32]\n",
      "  [ 4.93038066e-32  1.00000000e-08  3.68848915e-30  9.03524018e-32\n",
      "    9.81467454e-27  8.35037149e-32  2.73633317e-32]\n",
      "  [ 3.68848915e-30  3.68848915e-30  1.89603099e+02  7.36457419e+00\n",
      "    2.31615606e+05  3.23771749e+00  2.67258592e+00]\n",
      "  [ 9.03524018e-32  9.03524018e-32  7.36457419e+00  3.55552850e-01\n",
      "    1.01784557e+04  1.44996995e-01  1.14444516e-01]\n",
      "  [ 9.81467454e-27  9.81467454e-27  2.31615606e+05  1.01784557e+04\n",
      "    2.02064529e+09  2.36963501e+04  2.05721735e+04]\n",
      "  [ 8.35037149e-32  8.35037149e-32  3.23771749e+00  1.44996995e-01\n",
      "    2.36963501e+04  4.45719644e-01  3.44342376e-01]\n",
      "  [ 2.73633317e-32  2.73633317e-32  2.67258592e+00  1.14444516e-01\n",
      "    2.05721735e+04  3.44342376e-01  4.87988768e-01]]\n",
      "\n",
      " [[ 2.32068531e-01  3.57627182e-31 -4.26375417e-01  3.57627182e-31\n",
      "   -3.55550022e+02  1.90858057e-02 -4.28176760e-02]\n",
      "  [ 3.48741172e-31  1.00000000e-08  1.78247802e-29  4.43734259e-31\n",
      "    6.52944945e-26  5.45332568e-31  4.99398377e-31]\n",
      "  [-4.26375417e-01  1.77966412e-29  2.44601755e+01  1.77966412e-29\n",
      "    2.74707674e+04  1.74051999e-01 -1.53340632e-01]\n",
      "  [ 3.48741172e-31  4.43734259e-31  1.78247802e-29  1.00000000e-08\n",
      "    6.52944945e-26  5.45332568e-31  4.99398377e-31]\n",
      "  [-3.55550022e+02  6.51561097e-26  2.74707674e+04  6.51561097e-26\n",
      "    5.86877376e+08  7.41382722e+03  5.14619936e+03]\n",
      "  [ 1.90858057e-02  5.27606829e-31  1.74051999e-01  5.27606829e-31\n",
      "    7.41382722e+03  2.23183748e-01  1.16944986e-01]\n",
      "  [-4.28176760e-02  4.78294103e-31 -1.53340632e-01  4.78294103e-31\n",
      "    5.14619936e+03  1.16944986e-01  6.28161645e-01]]\n",
      "\n",
      " [[ 1.00000000e-08  0.00000000e+00  0.00000000e+00  0.00000000e+00\n",
      "    0.00000000e+00  0.00000000e+00  0.00000000e+00]\n",
      "  [ 0.00000000e+00  1.00000000e-08  0.00000000e+00  0.00000000e+00\n",
      "    0.00000000e+00  0.00000000e+00  0.00000000e+00]\n",
      "  [ 0.00000000e+00  0.00000000e+00  1.32625958e+02  6.00953232e+00\n",
      "    1.36502107e+05  8.61445985e-01  8.04134212e-01]\n",
      "  [ 0.00000000e+00  0.00000000e+00  6.00953232e+00  3.61253195e-01\n",
      "    6.08404284e+03  4.39161808e-02  2.89650938e-02]\n",
      "  [ 0.00000000e+00  0.00000000e+00  1.36502107e+05  6.08404284e+03\n",
      "    1.60765197e+09  1.73024767e+04  1.57869235e+04]\n",
      "  [ 0.00000000e+00  0.00000000e+00  8.61445985e-01  4.39161808e-02\n",
      "    1.73024767e+04  4.31432361e-01  3.13178346e-01]\n",
      "  [ 0.00000000e+00  0.00000000e+00  8.04134212e-01  2.89650938e-02\n",
      "    1.57869235e+04  3.13178346e-01  6.88256386e-01]]\n",
      "\n",
      " [[ 8.04495374e-02  2.04897947e-32 -1.46885215e+00  7.13664740e-02\n",
      "   -5.01170596e+02 -6.48818938e-03  7.13665044e-02]\n",
      "  [ 2.04897947e-32  1.00000000e-08  5.54971478e-30  6.57412033e-32\n",
      "   -6.55353019e-27  8.83728703e-33 -2.26874727e-34]\n",
      "  [-1.46885215e+00  5.54971478e-30  9.43165503e+01 -2.03545880e+00\n",
      "   -6.70805544e+04 -1.84169053e+00 -2.16781358e+00]\n",
      "  [ 7.13664740e-02  6.57412033e-32 -2.03545880e+00  1.54628109e-01\n",
      "   -1.42803635e+03  6.48556161e-04  1.54627898e-01]\n",
      "  [-5.01170596e+02 -6.55353019e-27 -6.70805544e+04 -1.42803635e+03\n",
      "    1.98293025e+09  2.31964838e+04  1.03811921e+04]\n",
      "  [-6.48818938e-03  8.83728703e-33 -1.84169053e+00  6.48556161e-04\n",
      "    2.31964838e+04  4.50475688e-01  1.91825108e-01]\n",
      "  [ 7.13665044e-02 -2.26874727e-34 -2.16781358e+00  1.54627898e-01\n",
      "    1.03811921e+04  1.91825108e-01  5.95804464e-01]]\n",
      "\n",
      " [[ 1.00000000e-08  0.00000000e+00  0.00000000e+00  0.00000000e+00\n",
      "    0.00000000e+00  0.00000000e+00  0.00000000e+00]\n",
      "  [ 0.00000000e+00  1.00000000e-08  0.00000000e+00  0.00000000e+00\n",
      "    0.00000000e+00  0.00000000e+00  0.00000000e+00]\n",
      "  [ 0.00000000e+00  0.00000000e+00  9.46415857e+01  3.48737533e+00\n",
      "    4.82756389e+04 -6.04721626e-01 -1.00555485e-01]\n",
      "  [ 0.00000000e+00  0.00000000e+00  3.48737533e+00  3.10061871e-01\n",
      "    4.16140954e+03 -8.71102134e-03  1.05415983e-02]\n",
      "  [ 0.00000000e+00  0.00000000e+00  4.82756389e+04  4.16140954e+03\n",
      "    4.68333048e+08  6.65583178e+03  1.89805539e+03]\n",
      "  [ 0.00000000e+00  0.00000000e+00 -6.04721626e-01 -8.71102134e-03\n",
      "    6.65583178e+03  2.55775796e-01  5.71897488e-02]\n",
      "  [ 0.00000000e+00  0.00000000e+00 -1.00555485e-01  1.05415983e-02\n",
      "    1.89805539e+03  5.71897488e-02  6.76997954e-02]]]\n",
      "[0.19617319 0.26632682 0.4145     0.034      0.089     ]\n"
     ]
    }
   ],
   "source": [
    "data = np.array([file])\n",
    "data = np.reshape(data, (data.shape[1], data.shape[2]))\n",
    "gmm = GMM(data, 5, 7)\n",
    "if (gmm.cont == 0):\n",
    "    exit(0)\n",
    "gmm.fit(data)\n",
    "means, covariances, prior_prob = gmm.get_parameters()\n",
    "print(means)\n",
    "print(covariances)\n",
    "print(prior_prob)"
   ]
  },
  {
   "cell_type": "code",
   "execution_count": 8,
   "metadata": {},
   "outputs": [
    {
     "name": "stdout",
     "output_type": "stream",
     "text": [
      "[[1.00000000e+00 1.00000000e+00 2.78033396e+01 1.00000000e+00\n",
      "  1.09165060e+05 7.13390489e-01 5.05896965e-01]\n",
      " [1.00000000e+00 0.00000000e+00 3.51460674e+01 9.32584270e-01\n",
      "  9.79972416e+04 3.70786517e-01 7.30337079e-02]\n",
      " [0.00000000e+00 0.00000000e+00 3.90856454e+01 7.90108565e-01\n",
      "  1.29262819e+05 9.27623643e-01 9.77080820e-01]\n",
      " [1.00000000e+00 1.00000000e+00 5.23119579e+01 2.12374671e+00\n",
      "  1.41075730e+05 8.32749421e-01 7.39929422e-01]\n",
      " [0.00000000e+00 1.00000000e+00 3.39960317e+01 1.23412698e+00\n",
      "  1.22036758e+05 9.20634921e-01 8.96825397e-01]\n",
      " [6.66666052e-01 1.00000000e+00 3.11666724e+01 3.00000000e+00\n",
      "  1.38173696e+05 6.66667895e-01 2.00000000e+00]\n",
      " [4.00000442e-01 1.00000000e+00 3.23999945e+01 3.00000000e+00\n",
      "  1.78771010e+05 2.00000000e+00 2.00000000e+00]]\n",
      "[[[ 1.00000000e-08  7.88860905e-31  1.81438999e-29  7.88860905e-31\n",
      "    7.47717638e-26  5.52546262e-31  3.61893537e-31]\n",
      "  [ 7.88860905e-31  1.00000000e-08  1.81438999e-29  7.88860905e-31\n",
      "    7.47717638e-26  5.52546262e-31  3.61893537e-31]\n",
      "  [ 1.81438999e-29  1.81438999e-29  2.40537819e+01  1.81438999e-29\n",
      "    1.42183835e+04 -1.57148009e-02 -2.60742963e-01]\n",
      "  [ 7.88860905e-31  7.88860905e-31  1.81438999e-29  1.00000000e-08\n",
      "    7.47717638e-26  5.52546262e-31  3.61893537e-31]\n",
      "  [ 7.47717638e-26  7.47717638e-26  1.42183835e+04  7.47717638e-26\n",
      "    8.26775566e+08  1.00783129e+04  7.88214113e+03]\n",
      "  [ 5.52546262e-31  5.52546262e-31 -1.57148009e-02  5.52546262e-31\n",
      "    1.00783129e+04  2.88612788e-01  1.95669384e-01]\n",
      "  [ 3.61893537e-31  3.61893537e-31 -2.60742963e-01  3.61893537e-31\n",
      "    7.88214113e+03  1.95669384e-01  4.99163273e-01]]\n",
      "\n",
      " [[ 1.00000000e-08  0.00000000e+00  0.00000000e+00  0.00000000e+00\n",
      "    0.00000000e+00  0.00000000e+00  0.00000000e+00]\n",
      "  [ 0.00000000e+00  1.00000000e-08  0.00000000e+00  0.00000000e+00\n",
      "    0.00000000e+00  0.00000000e+00  0.00000000e+00]\n",
      "  [ 0.00000000e+00  0.00000000e+00  9.46415857e+01  3.48737533e+00\n",
      "    4.82756389e+04 -6.04721626e-01 -1.00555485e-01]\n",
      "  [ 0.00000000e+00  0.00000000e+00  3.48737533e+00  3.10061871e-01\n",
      "    4.16140954e+03 -8.71102134e-03  1.05415983e-02]\n",
      "  [ 0.00000000e+00  0.00000000e+00  4.82756389e+04  4.16140954e+03\n",
      "    4.68333048e+08  6.65583178e+03  1.89805539e+03]\n",
      "  [ 0.00000000e+00  0.00000000e+00 -6.04721626e-01 -8.71102134e-03\n",
      "    6.65583178e+03  2.55775796e-01  5.71897488e-02]\n",
      "  [ 0.00000000e+00  0.00000000e+00 -1.00555485e-01  1.05415983e-02\n",
      "    1.89805539e+03  5.71897488e-02  6.76997954e-02]]\n",
      "\n",
      " [[ 1.00000000e-08  0.00000000e+00  0.00000000e+00  0.00000000e+00\n",
      "    0.00000000e+00  0.00000000e+00  0.00000000e+00]\n",
      "  [ 0.00000000e+00  1.00000000e-08  0.00000000e+00  0.00000000e+00\n",
      "    0.00000000e+00  0.00000000e+00  0.00000000e+00]\n",
      "  [ 0.00000000e+00  0.00000000e+00  1.32625958e+02  6.00953232e+00\n",
      "    1.36502107e+05  8.61445985e-01  8.04134212e-01]\n",
      "  [ 0.00000000e+00  0.00000000e+00  6.00953232e+00  3.61253195e-01\n",
      "    6.08404284e+03  4.39161808e-02  2.89650938e-02]\n",
      "  [ 0.00000000e+00  0.00000000e+00  1.36502107e+05  6.08404284e+03\n",
      "    1.60765197e+09  1.73024767e+04  1.57869235e+04]\n",
      "  [ 0.00000000e+00  0.00000000e+00  8.61445985e-01  4.39161808e-02\n",
      "    1.73024767e+04  4.31432361e-01  3.13178346e-01]\n",
      "  [ 0.00000000e+00  0.00000000e+00  8.04134212e-01  2.89650938e-02\n",
      "    1.57869235e+04  3.13178346e-01  6.88256386e-01]]\n",
      "\n",
      " [[ 1.00000000e-08  4.43734259e-31  2.56827778e-29  1.44210576e-30\n",
      "    7.85432823e-26  2.44872016e-31  3.84098339e-31]\n",
      "  [ 4.43734259e-31  1.00000000e-08  2.56827778e-29  1.44210576e-30\n",
      "    7.85432823e-26  2.44872016e-31  3.84098339e-31]\n",
      "  [ 2.56827772e-29  2.56827772e-29  8.76657423e+01  2.21977609e+00\n",
      "    3.79845247e+04  8.30748186e-01 -2.33016781e-01]\n",
      "  [ 1.43965695e-30  1.43965695e-30  2.21977609e+00  1.21698956e-01\n",
      "    5.25806607e+02  2.65251089e-02 -3.67994472e-02]\n",
      "  [ 7.85432823e-26  7.85432823e-26  3.79845247e+04  5.25806607e+02\n",
      "    2.07882517e+09  2.59938270e+04  2.12631125e+04]\n",
      "  [ 2.44872037e-31  2.44872037e-31  8.30748186e-01  2.65251089e-02\n",
      "    2.59938270e+04  5.37403156e-01  3.91774481e-01]\n",
      "  [ 3.84098376e-31  3.84098376e-31 -2.33016781e-01 -3.67994472e-02\n",
      "    2.12631125e+04  3.91774481e-01  6.40835784e-01]]\n",
      "\n",
      " [[ 1.00000000e-08  0.00000000e+00  0.00000000e+00  0.00000000e+00\n",
      "    0.00000000e+00  0.00000000e+00  0.00000000e+00]\n",
      "  [ 0.00000000e+00  1.00000000e-08  0.00000000e+00  0.00000000e+00\n",
      "    0.00000000e+00  0.00000000e+00  0.00000000e+00]\n",
      "  [ 0.00000000e+00  0.00000000e+00  1.17107127e+02  4.03664336e+00\n",
      "    1.50328277e+05  3.21113631e-01  6.18638196e-01]\n",
      "  [ 0.00000000e+00  0.00000000e+00  4.03664336e+00  1.95184565e-01\n",
      "    5.86277096e+03  1.85815067e-02  4.00289746e-02]\n",
      "  [ 0.00000000e+00  0.00000000e+00  1.50328277e+05  5.86277096e+03\n",
      "    1.44883867e+09  1.56725403e+04  1.02567845e+04]\n",
      "  [ 0.00000000e+00  0.00000000e+00  3.21113631e-01  1.85815067e-02\n",
      "    1.56725403e+04  3.90526591e-01  1.98160746e-01]\n",
      "  [ 0.00000000e+00  0.00000000e+00  6.18638196e-01  4.00289746e-02\n",
      "    1.02567845e+04  1.98160746e-01  6.71894694e-01]]\n",
      "\n",
      " [[ 2.22222437e-01  0.00000000e+00 -1.11114839e-01  0.00000000e+00\n",
      "   -3.60112721e+03 -1.11111828e-01  0.00000000e+00]\n",
      "  [ 0.00000000e+00  1.00000000e-08 -3.28691741e-32  0.00000000e+00\n",
      "   -3.16385522e-27  2.87605273e-32  9.86076132e-32]\n",
      "  [-1.11114839e-01 -3.28691741e-32  4.13892114e+00  0.00000000e+00\n",
      "    1.27672253e+04  7.22229218e-01 -6.57383482e-32]\n",
      "  [ 0.00000000e+00  0.00000000e+00  0.00000000e+00  1.00000000e-08\n",
      "    0.00000000e+00  0.00000000e+00  0.00000000e+00]\n",
      "  [-3.60112721e+03 -3.16385522e-27  1.27672253e+04  0.00000000e+00\n",
      "    1.64864334e+08  2.14525909e+03 -6.32771044e-27]\n",
      "  [-1.11111828e-01  2.87605273e-32  7.22229218e-01  0.00000000e+00\n",
      "    2.14525909e+03  2.22223665e-01  5.75210547e-32]\n",
      "  [ 0.00000000e+00  9.86076132e-32 -6.57383482e-32  0.00000000e+00\n",
      "   -6.32771044e-27  5.75210547e-32  1.00000000e-08]]\n",
      "\n",
      " [[ 2.40000098e-01  0.00000000e+00 -5.59998406e-01  0.00000000e+00\n",
      "   -3.49760784e+03  0.00000000e+00  0.00000000e+00]\n",
      "  [ 0.00000000e+00  1.00000000e-08  0.00000000e+00  0.00000000e+00\n",
      "    0.00000000e+00  0.00000000e+00  0.00000000e+00]\n",
      "  [-5.59998406e-01  0.00000000e+00  2.26399971e+01  0.00000000e+00\n",
      "   -6.59170230e+04  0.00000000e+00  0.00000000e+00]\n",
      "  [ 0.00000000e+00  0.00000000e+00  0.00000000e+00  1.00000000e-08\n",
      "    0.00000000e+00  0.00000000e+00  0.00000000e+00]\n",
      "  [-3.49760784e+03  0.00000000e+00 -6.59170230e+04  0.00000000e+00\n",
      "    3.17217210e+08  0.00000000e+00  0.00000000e+00]\n",
      "  [ 0.00000000e+00  0.00000000e+00  0.00000000e+00  0.00000000e+00\n",
      "    0.00000000e+00  1.00000000e-08  0.00000000e+00]\n",
      "  [ 0.00000000e+00  0.00000000e+00  0.00000000e+00  0.00000000e+00\n",
      "    0.00000000e+00  0.00000000e+00  1.00000000e-08]]]\n",
      "[0.28446584 0.089      0.4145     0.08053416 0.126      0.003\n",
      " 0.0025    ]\n"
     ]
    }
   ],
   "source": [
    "data = np.array([file])\n",
    "data = np.reshape(data, (data.shape[1], data.shape[2]))\n",
    "gmm = GMM(data, 7, 7)\n",
    "if (gmm.cont == 0):\n",
    "    exit(0)\n",
    "gmm.fit(data)\n",
    "means, covariances, prior_prob = gmm.get_parameters()\n",
    "print(means)\n",
    "print(covariances)\n",
    "print(prior_prob)"
   ]
  },
  {
   "cell_type": "markdown",
   "metadata": {},
   "source": [
    "### Observations of Results of GMM on Customer Dataset ###\n",
    "We observe that as the Value of number of Clusters (k) increases, the maximum of the Prior Probabilities associated with the Cluster show a decreasing curve. Also the Means array has dimensions of k cross 7 (7 is Number of Features used in GMM), correspondingly, Dimensions of Covariances matrix are k cross k cross 7 and those of Prior Probabilities is k*1. The sum of Prior Probabilities, as expected = 1. Also, we note that the Covariance Matrix has values very very small at many places. This highlights the Minute Correlation between the corresponding attributes. The means obtained are also in the reasonable ranges that we can view in the Dataset which is provided to us that indicates that Means which are found by the Algorithm are truly reflective of the data which is provided to us, and hence indicates a good clustering done by GMM. "
   ]
  },
  {
   "cell_type": "markdown",
   "metadata": {},
   "source": [
    "### Wine Dataset GMM ###"
   ]
  },
  {
   "cell_type": "code",
   "execution_count": 4,
   "metadata": {},
   "outputs": [
    {
     "name": "stdout",
     "output_type": "stream",
     "text": [
      "[ 7201.0049144   7179.79324792  6888.61690142  6852.82423155\n",
      "  6971.60342046  6879.20342302  8695.80691572  6874.71385526\n",
      "  6313.15243542  7669.24540573  6423.93082219  9382.93993961\n",
      "  7170.24268558  6966.17098139  8339.44632918  6748.98367735\n",
      " 10672.2563096   8823.173381    7326.27130467 12141.49172981\n",
      "  6302.45234381  9756.68572786  5868.78173076  8164.99379104\n",
      "  7744.26443395 11287.15310957 11620.5761143   7470.07028359\n",
      " 13868.17566067 13053.24211789 10754.18303455 10745.51918275\n",
      " 10743.78344501  9941.65767318  5610.29826148 13327.9783557\n",
      "  7053.32340471 16045.79254475 14915.27376945 15343.64449383\n",
      "  8410.13897624  6412.22492984  9301.13515979 14836.62319884\n",
      " 14253.66101132 18136.48650937 13912.1573872  11549.51631622\n",
      " 13465.10692937 14260.51375782 20761.66913105 13371.47064887\n",
      " 24477.12749844 17141.39763918  7297.75221673 11733.99586465\n",
      " 23844.55273064 10163.98742629 21153.11130444 15050.04317223\n",
      " 17551.70640019 14017.66437846 20899.09820893 19274.3719823\n",
      " 11402.2300598  22936.29408062 27621.29127792 22399.7086456\n",
      " 17139.85566914 15537.78666469 15831.6412867  23638.13404578\n",
      " 13572.53725566 17759.27525815 23831.75681462 22883.38544043\n",
      " 27849.49033738 26193.79726178 31111.1636754  18521.29893831\n",
      " 19274.75771396 25797.52920285 22747.87430357 34007.74413764\n",
      " 30241.17298262 19745.85757516 20699.91736512 18517.24038457\n",
      " 35283.22314877 26996.44123817 26963.74438066 22709.69429547\n",
      " 22488.26522537 32636.00163025 34912.76434285 24578.40279967\n",
      " 39683.27599083 28880.84415668 32476.91365231 29204.77261973\n",
      " 38479.01774394 36782.77029038 33121.73121979 29729.82959655\n",
      " 33744.27377312 41018.66990643 39897.58217501 31885.51881725\n",
      " 39701.4063339  43802.75859779 39975.19898612 30947.39657422\n",
      " 32973.46320149 43098.68597683 32667.21597272 39986.4131858\n",
      " 55176.23790983 38528.2766681  51313.11539857 42038.48050154\n",
      " 41671.54514737 39460.15571511 47135.34119399 36937.53999871\n",
      " 41444.56731761 40090.40904446 38509.86300784 46110.23595867\n",
      " 41177.97505997 57319.86090393 41000.49519298 49768.24302786\n",
      " 42125.43329865 41957.58541007 44542.72042489 46330.45931572\n",
      " 43903.58788187 45177.46928513 47180.41941792 52198.90599533\n",
      " 55524.80140159 55357.95813767 54853.81634838 49208.11089685\n",
      " 48087.51012626 49550.20076218 50048.31937655 53562.24177583\n",
      " 51139.36014878 52165.7187409  55834.34685741 57063.56853557\n",
      " 60024.93279503 58032.59534266 61175.46041141 58358.25267965\n",
      " 55331.47228063 55563.04249347 57372.80641458 62398.78168774\n",
      " 66129.21561423 66440.22180333 65791.6503124  66650.79210777\n",
      " 58112.47518526 58909.40554862 62172.71689822 61461.55298373\n",
      " 58894.07792932 58912.22061115 77140.17693274 62710.33900559\n",
      " 62338.22178287 63182.78751474 63004.22556091 63791.48384389\n",
      " 63481.58838998 64644.35760166]\n",
      "[  6870.09942517   6514.80048591   5889.53686663   5519.65692397\n",
      "   5304.34884011   4877.86156989   6360.37778981   4205.19745657\n",
      "   3309.54876395   4331.55446147   2752.15260515   5377.07444979\n",
      "   2830.28992299   2292.13094601   3331.31902103   1406.76909641\n",
      "   4995.95445588   2812.78425449    981.79490539   5462.92805774\n",
      "   -710.19860103   2409.94751024  -1812.04375965    150.08102785\n",
      "   -604.73560201   2604.06580082   2603.40153277  -1881.19157072\n",
      "   4182.82653358   3033.80571802    400.65936189     57.90823732\n",
      "   -277.9147732   -1414.12781781  -6079.57450229   1304.01831915\n",
      "  -5304.72390462   3353.65796263   1889.05191456   1983.33536616\n",
      "  -5284.25742422  -7616.2587434   -5061.43578623    139.96498004\n",
      "   -777.08448026   2771.65374501  -1786.76264994  -4483.4909937\n",
      "  -2901.98765333  -2440.66809766   3726.40000278  -3997.88575217\n",
      "   6773.68382462   -896.13330743 -11073.86600266  -6971.70962752\n",
      "   4804.75996569  -9209.89261144   1445.14399393  -4992.01141106\n",
      "  -2824.43545588  -6692.56475039   -145.2181927   -2104.03169211\n",
      " -10310.2608874     889.71586064   5240.62578516   -315.04411994\n",
      "  -5908.98436917  -7845.14064641  -7885.37329718   -412.96781088\n",
      " -10812.65187377  -6960.00114407  -1221.60686038  -2504.06550735\n",
      "   2127.95211681    138.17176844   4721.45090928  -8202.5011006\n",
      "  -7783.12959773  -1594.44538161  -4978.18755368   5947.59500762\n",
      "   1846.93657982  -8982.46610042  -8362.49358325 -10879.25783658\n",
      "   5552.63765484  -3068.23152854  -3435.01565883  -8023.15301681\n",
      "  -8578.66935968   1234.97977242   3177.65521224  -7490.79360372\n",
      "   7279.99231465  -3856.52679228   -594.54456943  -4200.77287479\n",
      "   4739.38497664   2709.0502503   -1286.07609307  -5012.06498909\n",
      "  -1331.7080853    5608.60077523   4153.42577103  -4192.72485951\n",
      "   3289.07538436   7056.34037547   2894.69349102  -6467.19619366\n",
      "  -4775.21683917   5015.91866339  -5749.63861351   1235.47132679\n",
      "  16091.20877804   -890.83973647  11559.91172122   1951.18955141\n",
      "   1250.16692446  -1295.30978058   6045.78842552  -4486.10004254\n",
      "   -313.15999643  -2001.40554236  -3916.03885176   3350.2468263\n",
      "  -1916.10134519  13891.69722599  -2761.75575773   5671.90480436\n",
      "  -2304.99219762  -2806.92735899   -555.87961695    897.7720011\n",
      "  -1863.18670553   -923.39257505    745.47028496   5429.86958958\n",
      "   8421.67772307   7920.74718636   7082.5181243    1102.72539998\n",
      "   -351.96264338    776.64071975    940.67206134   4120.50718784\n",
      "   1363.53828801   2055.80960735   5390.35045108   6285.48485646\n",
      "   8912.76184314   6586.33711799   9395.11491396   6243.81990941\n",
      "   2882.95223761   2780.43517767   4256.111826     8947.99982639\n",
      "  12344.34648009  12321.26539641  11338.6066327   11863.66115529\n",
      "   2991.25696      3454.10005058   6383.3241274    5338.07294013\n",
      "   2436.51061293   2120.56602199  20014.43507079   5250.50987086\n",
      "   4544.30537536   5054.78383446   4542.13460784   4995.30561804\n",
      "   4351.32289135   5180.00483025]\n",
      "Based upon AIC, Optimal Number of Clusters are:  55\n",
      "Based upon BIC, Optimal Number of Clusters are:  35\n"
     ]
    },
    {
     "data": {
      "text/plain": [
       "Text(0, 0.5, 'AIC')"
      ]
     },
